00 0.7122
01 0.8293
02 0.868
03 0.8849
04 0.8902
05 0.8952
06 0.8985
07 0.9017
08 0.9057
09 0.9071
10 0.9093
11 0.9111
12 0.9127
13 0.9135
14 0.9148
15 0.9156
16 0.9165
17 0.9174
18 0.9178
19 0.9185
20 0.9187
21 0.9193
22 0.9194
23 0.9196
24 0.9203
25 0.9207
26 0.9211
27 0.9217
28 0.922
29 0.9225
30 0.9232
31 0.9237
32 0.9245
33 0.9249
34 0.9253
35 0.9258
36 0.9263
37 0.9265
38 0.9272
39 0.9277
40 0.9279
41 0.9281
42 0.9292
43 0.93
44 0.9307
45 0.931
46 0.9314
47 0.9324
48 0.933
49 0.934
50 0.9345
51 0.9353
52 0.9354
53 0.9362
54 0.9371
55 0.9385
56 0.939
57 0.9398
58 0.9401
59 0.9404
60 0.9407
61 0.9412
62 0.9417
63 0.9425
64 0.943
65 0.9439
66 0.9447
67 0.9449
68 0.9453
69 0.9457
70 0.9459
71 0.9464
72 0.9471
73 0.9475
74 0.9478
75 0.9484
76 0.9489
77 0.9494
78 0.95
79 0.9507
80 0.9513
81 0.9515
82 0.9518
83 0.9522
84 0.9525
85 0.9527
86 0.9529
87 0.9532
88 0.9535
89 0.9543
90 0.9544
91 0.9545
92 0.9548
93 0.9547
94 0.955
95 0.9552
96 0.9551
97 0.9554
98 0.9558
99 0.9564
