00 0.9427
01 0.9628
02 0.9741
03 0.9767
04 0.9774
05 0.9795
06 0.9779
07 0.9809
08 0.9816
09 0.9802
10 0.983
11 0.9823
12 0.9831
13 0.9836
14 0.9835
15 0.9837
16 0.9843
17 0.9846
18 0.9841
19 0.9856
20 0.9842
21 0.9841
22 0.9846
23 0.9851
24 0.9859
25 0.9853
26 0.9851
27 0.9859
28 0.986
29 0.9861
30 0.9864
31 0.9856
32 0.9856
33 0.9854
34 0.9854
35 0.986
36 0.9866
37 0.9856
38 0.9866
39 0.9868
40 0.9852
41 0.9865
42 0.9871
43 0.9865
44 0.9862
45 0.9869
46 0.986
47 0.9869
48 0.9863
49 0.9866
50 0.9869
51 0.9861
52 0.9854
53 0.9872
54 0.9862
55 0.986
56 0.9884
57 0.9865
58 0.9874
59 0.9869
60 0.9863
61 0.9866
62 0.9873
63 0.9879
64 0.9879
65 0.9874
66 0.9878
67 0.9873
68 0.9872
69 0.9871
70 0.9876
71 0.988
72 0.9868
73 0.9881
74 0.9872
75 0.9883
76 0.9875
77 0.9885
78 0.988
79 0.9877
80 0.9873
81 0.9875
82 0.9878
83 0.9875
84 0.9879
85 0.9877
86 0.9868
87 0.9874
88 0.988
89 0.9881
90 0.9877
91 0.9873
92 0.9869
93 0.9878
94 0.9871
95 0.9873
96 0.9876
97 0.9873
98 0.9877
99 0.9883
