00 0.8737
01 0.976
02 0.9831
03 0.9884
04 0.9896
05 0.9883
06 0.9907
07 0.991
08 0.9922
09 0.9933
10 0.9918
11 0.9925
12 0.9932
13 0.9932
14 0.9924
15 0.9931
16 0.9927
17 0.9931
18 0.9937
19 0.9927
20 0.9926
21 0.9937
22 0.9945
23 0.9943
24 0.9941
25 0.9929
26 0.9951
27 0.9932
28 0.9944
29 0.9943
30 0.9942
31 0.9934
32 0.9936
33 0.9941
34 0.9943
35 0.994
36 0.9944
37 0.9947
38 0.9945
39 0.9951
40 0.9943
41 0.994
42 0.9947
43 0.9937
44 0.9948
45 0.994
46 0.9942
47 0.9945
48 0.9935
49 0.9942
50 0.9935
51 0.9946
52 0.9941
53 0.9945
54 0.9942
55 0.9942
56 0.9952
57 0.994
58 0.9949
59 0.9941
60 0.9956
61 0.9945
62 0.9946
63 0.9948
64 0.9948
65 0.9941
66 0.9943
67 0.994
68 0.9944
69 0.9946
70 0.9952
71 0.9947
72 0.995
73 0.9953
74 0.9945
75 0.9949
76 0.9948
77 0.9948
78 0.9943
79 0.9949
80 0.9942
81 0.9944
82 0.9944
83 0.9951
84 0.9947
85 0.9952
86 0.9945
87 0.9942
88 0.995
89 0.9948
90 0.995
91 0.9945
92 0.9953
93 0.9945
94 0.9945
95 0.9943
96 0.995
97 0.9953
98 0.9942
99 0.9947
